image: /home/na052/AER1514/corridor_world_map2.pgm
resolution: 0.050000
origin: [-13.800000, -12.200000, 0.000000]
negate: 0
occupied_thresh: 0.65
free_thresh: 0.196
